%YAML:1.0
---
model_type: KANNALA_BRANDT
camera_name: camera
image_width: 640
image_height: 480
projection_parameters:
   k2: 0.0
   k3: 0.0
   k4: 0.0
   k5: 0.0
   mu: 241.9439697265625
   mv: 241.9439697265625
   u0: 323.2308349609375
   v0: 240.49070739746094