%YAML:1.0
---
model_type: KANNALA_BRANDT
camera_name: camera
image_width: 640
image_height: 480
projection_parameters:
   k2: -0.02369929850101471
   k3: 0.09487513452768326
   k4: -0.06320042163133621
   k5: 0.007169149350374937
   mu: 241.9439697265625
   mv: 241.9439697265625
   u0: 323.2308349609375
   v0: 240.49070739746094