%YAML:1.0
---
model_type: EQUI
camera_name: camera
image_width: 640
image_height: 480
distortion_parameters:
   k1: -0.02369929850101471
   k2: 0.09487513452768326
   k3: -0.06320042163133621
   k4: 0.007169149350374937
projection_parameters:
   fx: 241.9439697265625
   fy: 241.9439697265625
   cx: 323.2308349609375
   cy: 240.49070739746094
