%YAML:1.0
---
model_type: KANNALA_BRANDT
camera_name: camera
image_width: 640
image_height: 480
projection_parameters:
   k2: -0.02486403
   k3: 0.09771933
   k4: -0.06851622
   k5: 0.01245975
   mu: 241.80779945
   mv: 241.89781382
   u0: 319.69189365
   v0: 241.28807595