%YAML:1.0
---
model_type: EQUI
camera_name: camera
image_width: 640
image_height: 480
distortion_parameters:
   k1: -0.02504565194249153
   k2: 0.09720715135335922
   k3: -0.06432244926691055
   k4: 0.005799917504191399
projection_parameters:
   fx: 241.62847900390625
   fy: 241.62847900390625
   cx: 322.3279724121094
   cy: 239.14724731445312