%YAML:1.0
---
model_type: KANNALA_BRANDT
camera_name: camera
image_width: 640
image_height: 480
projection_parameters:
   k2: -0.02531072
   k3: 0.09914123
   k4: -0.06936578
   k5: 0.01258563
   mu: 242.35173201
   mv: 241.37688630
   u0: 317.62671109
   v0: 242.34021376