%YAML:1.0
---
model_type: KANNALA_BRANDT
camera_name: camera
image_width: 640
image_height: 480
projection_parameters:
   k2: 0.0
   k3: 0.0
   k4: 0.0
   k5: 0.0
   mu: 241.62847900390625
   mv: 241.62847900390625
   u0: 322.3279724121094
   v0: 239.14724731445312